5/9/2021 5:00:35 PM  Counts:902000
1418.904000000  0.029986071
1418.906343750  0.029994948
1418.908687500  0.030135070
1418.911031250  0.030576402
1418.913375000  0.030066051
1418.915718750  0.030082193
1418.918062500  0.030131751
1418.920406250  0.030164940
1418.922750000  0.030280213
1418.925093750  0.030949955
1418.927437500  0.030452364
1418.929781250  0.030452939
1418.932125000  0.030555407
1418.934468750  0.030575579
1418.936812500  0.030642729
1418.939156250  0.030879281
1418.941500000  0.030886394
1418.943843750  0.030970341
1418.946187500  0.031033637
1418.948531250  0.031139758
1418.950875000  0.031271908
1418.953218750  0.031432209
1418.955562500  0.031682808
1418.957906250  0.031898212
1418.960250000  0.031867553
1418.962593750  0.032012677
1418.964937500  0.032109725
1418.967281250  0.032263836
1418.969625000  0.032453958
1418.971968750  0.032779253
1418.974312500  0.032823867
1418.976656250  0.032919278
1418.979000000  0.033096432
1418.981343750  0.033218269
1418.983687500  0.033420041
1418.986031250  0.033669098
1418.988375000  0.033880376
1418.990718750  0.034033697
1418.993062500  0.034256543
1418.995406250  0.034423874
1418.997750000  0.034596599
1419.000093750  0.034824795
1419.002437500  0.034991713
1419.004781250  0.035162719
1419.007125000  0.035377050
1419.009468750  0.035627997
1419.011812500  0.035755698
1419.014156250  0.036066232
1419.016500000  0.036338749
1419.018843750  0.036744812
1419.021187500  0.036819395
1419.023531250  0.036884537
1419.025875000  0.037226786
1419.028218750  0.037428470
1419.030562500  0.037624801
1419.032906250  0.037895091
1419.035250000  0.038132916
1419.037593750  0.038390232
1419.039937500  0.038557967
1419.042281250  0.038778027
1419.044625000  0.038999119
1419.046968750  0.039264521
1419.049312500  0.039690418
1419.051656250  0.040719692
1419.054000000  0.040077451
1419.056343750  0.040410169
1419.058687500  0.040531197
1419.061031250  0.040760911
1419.063375000  0.041076653
1419.065718750  0.041309771
1419.068062500  0.041390556
1419.070406250  0.041664221
1419.072750000  0.041991770
1419.075093750  0.042167123
1419.077437500  0.042401974
1419.079781250  0.042689029
1419.082125000  0.044800780
1419.084468750  0.043221589
1419.086812500  0.043401728
1419.089156250  0.043570041
1419.091500000  0.043848736
1419.093843750  0.044199572
1419.096187500  0.044564363
1419.098531250  0.044610725
1419.100875000  0.044756571
1419.103218750  0.044980648
1419.105562500  0.045181056
1419.107906250  0.045489887
1419.110250000  0.045718192
1419.112593750  0.046751847
1419.114937500  0.047075303
1419.117281250  0.046501968
1419.119625000  0.046661849
1419.121968750  0.046858668
1419.124312500  0.047165784
1419.126656250  0.047479187
1419.129000000  0.047616209
1419.131343750  0.047794565
1419.133687500  0.048007517
1419.136031250  0.048172643
1419.138375000  0.048511335
1419.140718750  0.048678739
1419.143062500  0.048824891
1419.145406250  0.049905876
1419.147750000  0.049255094
1419.150093750  0.049431774
1419.152437500  0.049751938
1419.154781250  0.049887026
1419.157125000  0.050148764
1419.159468750  0.050325730
1419.161812500  0.050567419
1419.164156250  0.050690811
1419.166500000  0.050830749
1419.168843750  0.051040253
1419.171187500  0.051255460
1419.173531250  0.051388687
1419.175875000  0.051603003
1419.178218750  0.051871350
1419.180562500  0.052063440
1419.182906250  0.052297021
1419.185250000  0.052336886
1419.187593750  0.052594610
1419.189937500  0.052795071
1419.192281250  0.053023574
1419.194625000  0.053061191
1419.196968750  0.053382767
1419.199312500  0.053511581
1419.201656250  0.053667921
1419.204000000  0.053745271
1419.206343750  0.053981683
1419.208687500  0.054413011
1419.211031250  0.054248881
1419.213375000  0.054423942
1419.215718750  0.054471236
1419.218062500  0.054708087
1419.220406250  0.054915354
1419.222750000  0.055040840
1419.225093750  0.055204809
1419.227437500  0.055323997
1419.229781250  0.055470970
1419.232125000  0.055409480
1419.234468750  0.055623160
1419.236812500  0.055836108
1419.239156250  0.058175751
1419.241500000  0.056079903
1419.243843750  0.056791084
1419.246187500  0.057622054
1419.248531250  0.056581003
1419.250875000  0.056783968
1419.253218750  0.056938882
1419.255562500  0.056886580
1419.257906250  0.056965656
1419.260250000  0.057295400
1419.262593750  0.057366117
1419.264937500  0.060304829
1419.267281250  0.057984614
1419.269625000  0.058914298
1419.271968750  0.058577418
1419.274312500  0.057832152
1419.276656250  0.057920144
1419.279000000  0.057855824
1419.281343750  0.057992031
1419.283687500  0.058380043
1419.286031250  0.058164218
1419.288375000  0.058349659
1419.290718750  0.058322911
1419.293062500  0.058469247
1419.295406250  0.058528967
1419.297750000  0.058599926
1419.300093750  0.058747205
1419.302437500  0.060155540
1419.304781250  0.058909258
1419.307125000  0.058728260
1419.309468750  0.058849442
1419.311812500  0.058939448
1419.314156250  0.059069441
1419.316500000  0.059300087
1419.318843750  0.059112625
1419.321187500  0.059383580
1419.323531250  0.059338512
1419.325875000  0.059366208
1419.328218750  0.059391920
1419.330562500  0.059378986
1419.332906250  0.059581026
1419.335250000  0.059538972
1419.337593750  0.059554476
1419.339937500  0.059501759
1419.342281250  0.059603948
1419.344625000  0.059621473
1419.346968750  0.059694103
1419.349312500  0.059666208
1419.351656250  0.059739724
1419.354000000  0.059817744
1419.356343750  0.059798759
1419.358687500  0.059893547
1419.361031250  0.059832195
1419.363375000  0.060078086
1419.365718750  0.060277479
1419.368062500  0.059995370
1419.370406250  0.059933711
1419.372750000  0.059814570
1419.375093750  0.060042007
1419.377437500  0.060028570
1419.379781250  0.060045395
1419.382125000  0.060357308
1419.384468750  0.060099522
1419.386812500  0.060098272
1419.389156250  0.060133521
1419.391500000  0.060196312
1419.393843750  0.060083612
1419.396187500  0.062569325
1419.398531250  0.060060350
1419.400875000  0.060139894
1419.403218750  0.060058608
1419.405562500  0.060137157
1419.407906250  0.060113975
1419.410250000  0.060291743
1419.412593750  0.060267254
1419.414937500  0.060064469
1419.417281250  0.059918736
1419.419625000  0.060146212
1419.421968750  0.060171141
1419.424312500  0.060133914
1419.426656250  0.061762175
1419.429000000  0.060896189
1419.431343750  0.060213850
1419.433687500  0.060019540
1419.436031250  0.059868490
1419.438375000  0.059892163
1419.440718750  0.060245854
1419.443062500  0.059957461
1419.445406250  0.059895098
1419.447750000  0.059852316
1419.450093750  0.059885358
1419.452437500  0.059897743
1419.454781250  0.059972911
1419.457125000  0.060163472
1419.459468750  0.060912108
1419.461812500  0.059856817
1419.464156250  0.059808637
1419.466500000  0.059795532
1419.468843750  0.059729996
1419.471187500  0.059611511
1419.473531250  0.059645864
1419.475875000  0.059485932
1419.478218750  0.059553219
1419.480562500  0.059550398
1419.482906250  0.059394245
1419.485250000  0.059484784
1419.487593750  0.059522980
1419.489937500  0.059482389
1419.492281250  0.059350896
1419.494625000  0.059325850
1419.496968750  0.059288305
1419.499312500  0.059256596
1419.501656250  0.059211145
1419.504000000  0.059343699
1419.506343750  0.059218387
1419.508687500  0.059227279
1419.511031250  0.059222428
1419.513375000  0.059083999
1419.515718750  0.059113085
1419.518062500  0.059204759
1419.520406250  0.059559704
1419.522750000  0.059800442
1419.525093750  0.059108346
1419.527437500  0.058981906
1419.529781250  0.058854633
1419.532125000  0.058756649
1419.534468750  0.058855568
1419.536812500  0.058715778
1419.539156250  0.058651811
1419.541500000  0.058599205
1419.543843750  0.058629134
1419.546187500  0.058636710
1419.548531250  0.058713565
1419.550875000  0.058678750
1419.553218750  0.061491966
1419.555562500  0.058691562
1419.557906250  0.058563914
1419.560250000  0.058356484
1419.562593750  0.058441023
1419.564937500  0.058427294
1419.567281250  0.058654786
1419.569625000  0.058217634
1419.571968750  0.058248359
1419.574312500  0.058282905
1419.576656250  0.058330876
1419.579000000  0.058213904
1419.581343750  0.058253868
1419.583687500  0.059475700
1419.586031250  0.058625741
1419.588375000  0.058298730
1419.590718750  0.058113056
1419.593062500  0.058133908
1419.595406250  0.058025692
1419.597750000  0.058142961
1419.600093750  0.057893769
1419.602437500  0.057844317
1419.604781250  0.057916201
1419.607125000  0.057850433
1419.609468750  0.057832106
1419.611812500  0.057799005
1419.614156250  0.057917279
1419.616500000  0.057871489
1419.618843750  0.057764948
1419.621187500  0.057845208
1419.623531250  0.057759933
1419.625875000  0.057716313
1419.628218750  0.057659100
1419.630562500  0.057638802
1419.632906250  0.057672567
1419.635250000  0.057554427
1419.637593750  0.057586972
1419.639937500  0.057621425
1419.642281250  0.057639816
1419.644625000  0.057626474
1419.646968750  0.058689700
1419.649312500  0.057678259
1419.651656250  0.057681322
1419.654000000  0.057578694
1419.656343750  0.057506847
1419.658687500  0.057560350
1419.661031250  0.057651468
1419.663375000  0.057488415
1419.665718750  0.057408736
1419.668062500  0.057424420
1419.670406250  0.057599773
1419.672750000  0.057520148
1419.675093750  0.057522345
1419.677437500  0.058695591
1419.679781250  0.058797445
1419.682125000  0.057756034
1419.684468750  0.057593981
1419.686812500  0.057509106
1419.689156250  0.057454660
1419.691500000  0.057679431
1419.693843750  0.057392564
1419.696187500  0.057347639
1419.698531250  0.057321498
1419.700875000  0.057322060
1419.703218750  0.057411424
1419.705562500  0.057427453
1419.707906250  0.057575168
1419.710250000  0.059263934
1419.712593750  0.057536142
1419.714937500  0.057519748
1419.717281250  0.057548302
1419.719625000  0.057511517
1419.721968750  0.057663136
1419.724312500  0.057649017
1419.726656250  0.057478274
1419.729000000  0.057478253
1419.731343750  0.057424355
1419.733687500  0.057433212
1419.736031250  0.057509901
1419.738375000  0.057509266
1419.740718750  0.057567460
1419.743062500  0.057545504
1419.745406250  0.057697402
1419.747750000  0.057650641
1419.750093750  0.057668814
1419.752437500  0.057706427
1419.754781250  0.057697337
1419.757125000  0.057800447
1419.759468750  0.057686513
1419.761812500  0.057673974
1419.764156250  0.057746091
1419.766500000  0.057711910
1419.768843750  0.057743979
1419.771187500  0.058021288
1419.773531250  0.058805544
1419.775875000  0.058038487
1419.778218750  0.058024877
1419.780562500  0.057967680
1419.782906250  0.058089184
1419.785250000  0.058126044
1419.787593750  0.058078017
1419.789937500  0.058026062
1419.792281250  0.058028922
1419.794625000  0.058050580
1419.796968750  0.058100382
1419.799312500  0.058135629
1419.801656250  0.058270882
1419.804000000  0.061147501
1419.806343750  0.058446927
1419.808687500  0.058277933
1419.811031250  0.058238872
1419.813375000  0.058319564
1419.815718750  0.058406877
1419.818062500  0.058739151
1419.820406250  0.058472431
1419.822750000  0.058669702
1419.825093750  0.058362736
1419.827437500  0.058505804
1419.829781250  0.058639426
1419.832125000  0.058580172
1419.834468750  0.059290999
1419.836812500  0.059176258
1419.839156250  0.058829965
1419.841500000  0.058758474
1419.843843750  0.058781632
1419.846187500  0.058865905
1419.848531250  0.058997136
1419.850875000  0.059020819
1419.853218750  0.058992384
1419.855562500  0.058954104
1419.857906250  0.058868621
1419.860250000  0.059056817
1419.862593750  0.059043035
1419.864937500  0.059068557
1419.867281250  0.059291053
1419.869625000  0.059110528
1419.871968750  0.059269757
1419.874312500  0.059174808
1419.876656250  0.059322937
1419.879000000  0.059281846
1419.881343750  0.059414169
1419.883687500  0.059424798
1419.886031250  0.059374633
1419.888375000  0.059468276
1419.890718750  0.059576473
1419.893062500  0.059626617
1419.895406250  0.059628230
1419.897750000  0.061549307
1419.900093750  0.059903882
1419.902437500  0.059728117
1419.904781250  0.059747865
1419.907125000  0.059780472
1419.909468750  0.059919526
1419.911812500  0.060188196
1419.914156250  0.060092911
1419.916500000  0.060016428
1419.918843750  0.060032872
1419.921187500  0.060188187
1419.923531250  0.060122633
1419.925875000  0.060159310
1419.928218750  0.060903625
1419.930562500  0.061858559
1419.932906250  0.060346005
1419.935250000  0.060237142
1419.937593750  0.060373307
1419.939937500  0.060418479
1419.942281250  0.060647687
1419.944625000  0.060537525
1419.946968750  0.060503587
1419.949312500  0.060526205
1419.951656250  0.060551072
1419.954000000  0.060555746
1419.956343750  0.060559500
1419.958687500  0.060737233
1419.961031250  0.060942411
1419.963375000  0.060633393
1419.965718750  0.060720446
1419.968062500  0.060767089
1419.970406250  0.060782295
1419.972750000  0.060898898
1419.975093750  0.060913097
1419.977437500  0.061018375
1419.979781250  0.061022997
1419.982125000  0.061097499
1419.984468750  0.061094417
1419.986812500  0.061209457
1419.989156250  0.061309975
1419.991500000  0.061685575
1419.993843750  0.061416414
1419.996187500  0.061216579
1419.998531250  0.061076483
1420.000875000  0.061171685
1420.003218750  0.061192387
1420.005562500  0.061357633
1420.007906250  0.061397690
1420.010250000  0.061294879
1420.012593750  0.061365227
1420.014937500  0.061412893
1420.017281250  0.061372147
1420.019625000  0.061506785
1420.021968750  0.061664211
1420.024312500  0.064223963
1420.026656250  0.061663460
1420.029000000  0.061464282
1420.031343750  0.061517113
1420.033687500  0.061670458
1420.036031250  0.061760499
1420.038375000  0.061821866
1420.040718750  0.061631008
1420.043062500  0.061636064
1420.045406250  0.061722864
1420.047750000  0.061741057
1420.050093750  0.061718625
1420.052437500  0.061788528
1420.054781250  0.062672285
1420.057125000  0.061804515
1420.059468750  0.061669420
1420.061812500  0.061658402
1420.064156250  0.061622442
1420.066500000  0.061734798
1420.068843750  0.061765480
1420.071187500  0.061800836
1420.073531250  0.061865485
1420.075875000  0.061781847
1420.078218750  0.061793176
1420.080562500  0.061870357
1420.082906250  0.061843514
1420.085250000  0.061950952
1420.087593750  0.062037170
1420.089937500  0.061824408
1420.092281250  0.061752403
1420.094625000  0.061940895
1420.096968750  0.061778395
1420.099312500  0.061752207
1420.101656250  0.061887857
1420.104000000  0.060361924
1420.106343750  0.061794037
1420.108687500  0.061886644
1420.111031250  0.062107364
1420.113375000  0.061932253
1420.115718750  0.061958021
1420.118062500  0.064860595
1420.120406250  0.061947264
1420.122750000  0.061879942
1420.125093750  0.061799350
1420.127437500  0.061782864
1420.129781250  0.061809707
1420.132125000  0.062127915
1420.134468750  0.061789400
1420.136812500  0.061790689
1420.139156250  0.061874040
1420.141500000  0.061836534
1420.143843750  0.061927718
1420.146187500  0.061874043
1420.148531250  0.062943431
1420.150875000  0.062261985
1420.153218750  0.061727320
1420.155562500  0.061671699
1420.157906250  0.061633937
1420.160250000  0.061683796
1420.162593750  0.061710757
1420.164937500  0.061623756
1420.167281250  0.061617736
1420.169625000  0.061621323
1420.171968750  0.061634544
1420.174312500  0.061581077
1420.176656250  0.061638727
1420.179000000  0.061616115
1420.181343750  0.061639054
1420.183687500  0.061589221
1420.186031250  0.061443355
1420.188375000  0.061483548
1420.190718750  0.061320432
1420.193062500  0.061312815
1420.195406250  0.061341410
1420.197750000  0.061387909
1420.200093750  0.061338056
1420.202437500  0.061238410
1420.204781250  0.061232763
1420.207125000  0.061291175
1420.209468750  0.061409392
1420.211812500  0.063926648
1420.214156250  0.061368978
1420.216500000  0.061265994
1420.218843750  0.061090769
1420.221187500  0.061076814
1420.223531250  0.060993234
1420.225875000  0.061306731
1420.228218750  0.060959773
1420.230562500  0.060860983
1420.232906250  0.060942300
1420.235250000  0.060918601
1420.237593750  0.060958424
1420.239937500  0.060934475
1420.242281250  0.061567278
1420.244625000  0.061620258
1420.246968750  0.060888177
1420.249312500  0.060632228
1420.251656250  0.060510936
1420.254000000  0.060575758
1420.256343750  0.060676998
1420.258687500  0.060556523
1420.261031250  0.060334118
1420.263375000  0.060311812
1420.265718750  0.060390611
1420.268062500  0.060282674
1420.270406250  0.060256589
1420.272750000  0.060220966
1420.275093750  0.060472822
1420.277437500  0.060263088
1420.279781250  0.060064925
1420.282125000  0.059975495
1420.284468750  0.060060841
1420.286812500  0.060002832
1420.289156250  0.059924935
1420.291500000  0.059989927
1420.293843750  0.059819401
1420.296187500  0.059916650
1420.298531250  0.059750458
1420.300875000  0.059776043
1420.303218750  0.059914598
1420.305562500  0.062345332
1420.307906250  0.060372101
1420.310250000  0.059777382
1420.312593750  0.059685412
1420.314937500  0.059578566
1420.317281250  0.059411434
1420.319625000  0.059749583
1420.321968750  0.059375778
1420.324312500  0.059314239
1420.326656250  0.059163167
1420.329000000  0.059153389
1420.331343750  0.059154854
1420.333687500  0.059321699
1420.336031250  0.059435527
1420.338375000  0.060308656
1420.340718750  0.059172812
1420.343062500  0.059041755
1420.345406250  0.058994481
1420.347750000  0.058913050
1420.350093750  0.058907640
1420.352437500  0.059062530
1420.354781250  0.058764995
1420.357125000  0.058697380
1420.359468750  0.058693859
1420.361812500  0.058709289
1420.364156250  0.058626815
1420.366500000  0.058610003
1420.368843750  0.058975685
1420.371187500  0.058607788
1420.373531250  0.058687699
1420.375875000  0.058552998
1420.378218750  0.058547365
1420.380562500  0.058433633
1420.382906250  0.058331433
1420.385250000  0.058375138
1420.387593750  0.058271643
1420.389937500  0.058247658
1420.392281250  0.058176407
1420.394625000  0.058206733
1420.396968750  0.058302923
1420.399312500  0.059727174
1420.401656250  0.059336274
1420.404000000  0.058248102
1420.406343750  0.058141092
1420.408687500  0.058116374
1420.411031250  0.058157655
1420.413375000  0.058465443
1420.415718750  0.058046709
1420.418062500  0.058021827
1420.420406250  0.058002427
1420.422750000  0.057992976
1420.425093750  0.057853015
1420.427437500  0.057939693
1420.429781250  0.058025006
1420.432125000  0.058916114
1420.434468750  0.057993515
1420.436812500  0.058003447
1420.439156250  0.058031318
1420.441500000  0.057958687
1420.443843750  0.058125373
1420.446187500  0.058068247
1420.448531250  0.058085402
1420.450875000  0.058047794
1420.453218750  0.058024645
1420.455562500  0.058123916
1420.457906250  0.058192609
1420.460250000  0.058265410
1420.462593750  0.058886854
1420.464937500  0.058648712
1420.467281250  0.058608696
1420.469625000  0.058614567
1420.471968750  0.058793632
1420.474312500  0.058907794
1420.476656250  0.059048840
1420.479000000  0.059057367
1420.481343750  0.059069154
1420.483687500  0.059225070
1420.486031250  0.059267496
1420.488375000  0.059417003
1420.490718750  0.059417842
1420.493062500  0.060195874
1420.495406250  0.061374518
1420.497750000  0.059761388
1420.500093750  0.059548366
1420.502437500  0.059642323
1420.504781250  0.059872110
1420.507125000  0.059961159
1420.509468750  0.059906026
1420.511812500  0.059779027
1420.514156250  0.059725544
1420.516500000  0.059739789
1420.518843750  0.059668500
1420.521187500  0.059668594
1420.523531250  0.059533513
1420.525875000  0.059910195
1420.528218750  0.059522248
1420.530562500  0.059445079
1420.532906250  0.059388669
1420.535250000  0.059583939
1420.537593750  0.059307011
1420.539937500  0.059157827
1420.542281250  0.059188585
1420.544625000  0.059014834
1420.546968750  0.058940226
1420.549312500  0.058830596
1420.551656250  0.058801390
1420.554000000  0.058798573
1420.556343750  0.059537101
1420.558687500  0.059157186
1420.561031250  0.058618192
1420.563375000  0.058575155
1420.565718750  0.058590965
1420.568062500  0.058382338
1420.570406250  0.058611516
1420.572750000  0.058513010
1420.575093750  0.058369758
1420.577437500  0.058337671
1420.579781250  0.058362727
1420.582125000  0.058285391
1420.584468750  0.058289427
1420.586812500  0.058379489
1420.589156250  0.060309571
1420.591500000  0.058249893
1420.593843750  0.058165957
1420.596187500  0.058306367
1420.598531250  0.058228926
1420.600875000  0.058383402
1420.603218750  0.058491468
1420.605562500  0.058260582
1420.607906250  0.058232883
1420.610250000  0.058284902
1420.612593750  0.058291730
1420.614937500  0.058126863
1420.617281250  0.058096626
1420.619625000  0.058294702
1420.621968750  0.058288931
1420.624312500  0.058249125
1420.626656250  0.058332036
1420.629000000  0.058393868
1420.631343750  0.058292036
1420.633687500  0.058373723
1420.636031250  0.058406536
1420.638375000  0.058407909
1420.640718750  0.058557404
1420.643062500  0.058444915
1420.645406250  0.058511094
1420.647750000  0.058589805
1420.650093750  0.059435732
1420.652437500  0.060133482
1420.654781250  0.058627253
1420.657125000  0.058745214
1420.659468750  0.058573586
1420.661812500  0.058644225
1420.664156250  0.058786497
1420.666500000  0.058793195
1420.668843750  0.058769921
1420.671187500  0.058758444
1420.673531250  0.058794138
1420.675875000  0.058730085
1420.678218750  0.058821607
1420.680562500  0.058800251
1420.682906250  0.059751537
1420.685250000  0.058854646
1420.687593750  0.058963356
1420.689937500  0.058910612
1420.692281250  0.058884864
1420.694625000  0.059063750
1420.696968750  0.059169112
1420.699312500  0.059071606
1420.701656250  0.059105133
1420.704000000  0.059116008
1420.706343750  0.059193225
1420.708687500  0.059189891
1420.711031250  0.059239843
1420.713375000  0.059969739
1420.715718750  0.059491597
1420.718062500  0.059321676
1420.720406250  0.059124177
1420.722750000  0.059255768
1420.725093750  0.059266421
1420.727437500  0.059406701
1420.729781250  0.059255082
1420.732125000  0.059262715
1420.734468750  0.059370177
1420.736812500  0.059330525
1420.739156250  0.059403572
1420.741500000  0.059348271
1420.743843750  0.059850724
1420.746187500  0.061738341
1420.748531250  0.059453608
1420.750875000  0.059359907
1420.753218750  0.059302900
1420.755562500  0.059433022
1420.757906250  0.059506017
1420.760250000  0.059541919
1420.762593750  0.059510611
1420.764937500  0.059472207
1420.767281250  0.059537439
1420.769625000  0.059542375
1420.771968750  0.059628604
1420.774312500  0.059561724
1420.776656250  0.059613806
1420.779000000  0.059593287
1420.781343750  0.059552572
1420.783687500  0.059494126
1420.786031250  0.059858608
1420.788375000  0.059566002
1420.790718750  0.059557405
1420.793062500  0.059680777
1420.795406250  0.059530503
1420.797750000  0.059688881
1420.800093750  0.060486711
1420.802437500  0.059732063
1420.804781250  0.059737008
1420.807125000  0.060793368
1420.809468750  0.061015058
1420.811812500  0.059647803
1420.814156250  0.059622792
1420.816500000  0.059524988
1420.818843750  0.059459464
1420.821187500  0.059831120
1420.823531250  0.059545736
1420.825875000  0.059446111
1420.828218750  0.059395410
1420.830562500  0.059572072
1420.832906250  0.059499286
1420.835250000  0.059453589
1420.837593750  0.059694695
1420.839937500  0.060208643
1420.842281250  0.059373158
1420.844625000  0.059267610
1420.846968750  0.059265090
1420.849312500  0.059181445
1420.851656250  0.059219730
1420.854000000  0.059203264
1420.856343750  0.059122906
1420.858687500  0.059124746
1420.861031250  0.059198059
1420.863375000  0.059095273
1420.865718750  0.059078506
1420.868062500  0.059074384
1420.870406250  0.060260671
1420.872750000  0.059180606
1420.875093750  0.058890821
1420.877437500  0.058759295
1420.879781250  0.058749958
1420.882125000  0.058695860
1420.884468750  0.058757271
1420.886812500  0.058461222
1420.889156250  0.058512396
1420.891500000  0.058473218
1420.893843750  0.058367195
1420.896187500  0.058346908
1420.898531250  0.058370845
1420.900875000  0.058692414
1420.903218750  0.059820771
1420.905562500  0.058146092
1420.907906250  0.058058077
1420.910250000  0.057852375
1420.912593750  0.057762940
1420.914937500  0.057792725
1420.917281250  0.057706504
1420.919625000  0.057453034
1420.921968750  0.057401844
1420.924312500  0.057321637
1420.926656250  0.057302814
1420.929000000  0.057276797
1420.931343750  0.057089845
1420.933687500  0.057420757
1420.936031250  0.056975737
1420.938375000  0.056810400
1420.940718750  0.056683822
1420.943062500  0.056555144
1420.945406250  0.056474022
1420.947750000  0.056408795
1420.950093750  0.056256976
1420.952437500  0.056155717
1420.954781250  0.055964554
1420.957125000  0.056001694
1420.959468750  0.055949570
1420.961812500  0.055748071
1420.964156250  0.056962794
1420.966500000  0.056594050
1420.968843750  0.055527074
1420.971187500  0.055192506
1420.973531250  0.055102090
1420.975875000  0.054888475
1420.978218750  0.055067974
1420.980562500  0.054561150
1420.982906250  0.054392842
1420.985250000  0.054266507
1420.987593750  0.054076645
1420.989937500  0.054019189
1420.992281250  0.053778556
1420.994625000  0.053758917
1420.996968750  0.053617814
1420.999312500  0.053463763
1421.001656250  0.053260407
1421.004000000  0.053028604
1421.006343750  0.052849727
1421.008687500  0.052663541
1421.011031250  0.052594195
1421.013375000  0.052334494
1421.015718750  0.052214095
1421.018062500  0.051975537
1421.020406250  0.052005402
1421.022750000  0.051712179
1421.025093750  0.051579302
1421.027437500  0.053582840
1421.029781250  0.051490007
1421.032125000  0.051025614
1421.034468750  0.050841450
1421.036812500  0.050504429
1421.039156250  0.050416903
1421.041500000  0.050480615
1421.043843750  0.050017445
1421.046187500  0.049688120
1421.048531250  0.049471200
1421.050875000  0.049361916
1421.053218750  0.049145065
1421.055562500  0.048945624
1421.057906250  0.048903561
1421.060250000  0.048934118
1421.062593750  0.048445483
1421.064937500  0.048295921
1421.067281250  0.048080604
1421.069625000  0.047762907
1421.071968750  0.047577316
1421.074312500  0.047300446
1421.076656250  0.047000548
1421.079000000  0.046814158
1421.081343750  0.046800723
1421.083687500  0.046350494
1421.086031250  0.046185215
1421.088375000  0.046086725
1421.090718750  0.047491098
1421.093062500  0.045619013
1421.095406250  0.045304997
1421.097750000  0.045132130
1421.100093750  0.044845636
1421.102437500  0.044661635
1421.104781250  0.044574720
1421.107125000  0.044040458
1421.109468750  0.043903159
1421.111812500  0.043637691
1421.114156250  0.043388992
1421.116500000  0.043206930
1421.118843750  0.043002366
1421.121187500  0.043298227
1421.123531250  0.042751776
1421.125875000  0.042303837
1421.128218750  0.042083664
1421.130562500  0.041837131
1421.132906250  0.041586088
1421.135250000  0.041465845
1421.137593750  0.041165178
1421.139937500  0.040764968
1421.142281250  0.040613386
1421.144625000  0.040280517
1421.146968750  0.040063269
1421.149312500  0.039821748
1421.151656250  0.039752234
1421.154000000  0.040170748
1421.156343750  0.039235778
1421.158687500  0.038983784
1421.161031250  0.038648610
1421.163375000  0.038477497
1421.165718750  0.038344115
1421.168062500  0.038090548
1421.170406250  0.037752396
1421.172750000  0.037512879
1421.175093750  0.037345506
1421.177437500  0.037126526
1421.179781250  0.036822947
1421.182125000  0.036686094
1421.184468750  0.037547193
1421.186812500  0.036376001
1421.189156250  0.036029523
1421.191500000  0.035830244
1421.193843750  0.035583403
1421.196187500  0.035463534
1421.198531250  0.035393751
1421.200875000  0.034947286
1421.203218750  0.034844298
1421.205562500  0.034559782
1421.207906250  0.034363980
1421.210250000  0.034107353
1421.212593750  0.033946747
1421.214937500  0.033889789
1421.217281250  0.033766788
1421.219625000  0.033445899
1421.221968750  0.033230058
1421.224312500  0.033048464
1421.226656250  0.032942577
1421.229000000  0.032800755
1421.231343750  0.032730173
1421.233687500  0.032376538
1421.236031250  0.032313949
1421.238375000  0.032048915
1421.240718750  0.031932465
1421.243062500  0.031781258
1421.245406250  0.031722723
1421.247750000  0.032618325
1421.250093750  0.031368022
1421.252437500  0.031283543
1421.254781250  0.031207471
1421.257125000  0.031082068
1421.259468750  0.030989218
1421.261812500  0.031217009
1421.264156250  0.030939123
1421.266500000  0.030711357
1421.268843750  0.030561910
1421.271187500  0.030509794
1421.273531250  0.030437912
1421.275875000  0.030379536
1421.278218750  0.030412656
1421.280562500  0.030236083
1421.282906250  0.030126235
1421.285250000  0.030122391
1421.287593750  0.030068843
1421.289937500  0.030059637
1421.292281250  0.030089398
1421.294625000  0.030629975
1421.296968750  0.030072563
1421.299312500  0.029997685
1421.301656250  0.030007532

